Riya: 3.866666666666667
Anamika: 3.733333333333333
Tanu: 3.3333333333333335
